ROI scores. Score is the median noise-normalized encoding accuracy across all vertices of each ROI from all subjects and hemispheres appended together.
All_vertices: 43.261834767088175
V1v: 37.191147442427955
V1d: 37.156724040025765
V2v: 42.009953817166945
V2d: 38.58968852211759
V3v: 40.43490019852315
V3d: 39.53049516015365
hV4: 44.05591752855863
EBA: 44.439278934846186
FBA-1: 46.107364514293366
FBA-2: 41.443317141835706
mTL-bodies: nan
OFA: 46.29739273576233
FFA-1: 53.43511489745036
FFA-2: 47.836789878462
mTL-faces: nan
aTL-faces: nan
OPA: 50.56767659801068
PPA: 58.7309530362317
RSC: 46.67737230768328
OWFA: 36.76895690148052
VWFA-1: 39.996018051729905
VWFA-2: 35.76078172075951
mfs-words: 41.40365057605684
mTL-words: 42.59116881311273
early: 38.42192165710129
midventral: 44.146739402476264
midlateral: 43.710224846203275
midparietal: 47.61305463568601
ventral: 47.80974412006938
lateral: 43.4215488478229
parietal: 44.73275125582528
