ROI scores. Score is the median noise-normalized encoding accuracy across all vertices of each ROI from all subjects and hemispheres appended together.
All_vertices: 49.31777883253238
V1v: 52.417245749513064
V1d: 52.590635172436095
V2v: 54.88609870079295
V2d: 50.38530831994211
V3v: 51.066291082276685
V3d: 52.461176830569336
hV4: 55.635053855241765
EBA: 46.00644305389446
FBA-1: 46.74274848676815
FBA-2: 41.236837994601686
mTL-bodies: nan
OFA: 53.786827315220656
FFA-1: 57.08172829531407
FFA-2: 50.648269282865776
mTL-faces: nan
aTL-faces: nan
OPA: 54.83487030881987
PPA: 60.03363436489312
RSC: 48.37759203524426
OWFA: 46.17196733688297
VWFA-1: 42.520574189752594
VWFA-2: 33.89986987939109
mfs-words: 46.4543664106363
mTL-words: 79.60613258908592
early: 50.32952746842566
midventral: 54.6558092040896
midlateral: 51.62891697598022
midparietal: 55.250769217315096
ventral: 50.238419021405136
lateral: 43.82346934453332
parietal: 50.88685649954915
