ROI scores. Score is the median noise-normalized encoding accuracy across all vertices of each ROI from all subjects and hemispheres appended together.
All_vertices: 50.54078605946074
V1v: 55.76669733396291
V1d: 55.400899940951376
V2v: 57.19531815364813
V2d: 50.733094161706624
V3v: 52.0800643103877
V3d: 52.52577547272834
hV4: 55.877518911347934
EBA: 47.5541796615225
FBA-1: 48.39450992627362
FBA-2: 42.41968789494025
mTL-bodies: nan
OFA: 54.70349212402271
FFA-1: 58.52811399050504
FFA-2: 51.935472984759954
mTL-faces: nan
aTL-faces: nan
OPA: 55.25463716888791
PPA: 61.20501465347884
RSC: 48.06086025185978
OWFA: 46.50173399513476
VWFA-1: 43.636397909351345
VWFA-2: 35.94435828046953
mfs-words: 47.435415118356
mTL-words: 45.79619426639311
early: 51.93075037158299
midventral: 54.66887060061195
midlateral: 52.68563587545981
midparietal: 55.784342999961964
ventral: 51.446403197775794
lateral: 45.71130148240559
parietal: 52.26241829291767
