ROI scores. Score is the median noise-normalized encoding accuracy across all vertices of each ROI from all subjects and hemispheres appended together.
All_vertices: 34.21031724608213
V1v: 31.75385541292586
V1d: 32.17386927663125
V2v: 35.254193865315344
V2d: 31.077680354487658
V3v: 31.986443659116347
V3d: 31.054950610805054
hV4: 37.91631516900138
EBA: 31.186538121233934
FBA-1: 32.44029694884971
FBA-2: 32.88564514560689
mTL-bodies: nan
OFA: 36.8498465606716
FFA-1: 40.43450724688559
FFA-2: 34.021191150608985
mTL-faces: nan
aTL-faces: nan
OPA: 42.5391512879005
PPA: 49.970898194819256
RSC: 37.17199893551996
OWFA: 26.827940618307252
VWFA-1: 27.756067279997406
VWFA-2: 27.814966777960443
mfs-words: 35.78861051467569
mTL-words: 10.4925504962874
early: 30.905789206174695
midventral: 36.57739165358229
midlateral: 32.905211312573215
midparietal: 39.823853960338724
ventral: 38.51849549264941
lateral: 29.857687731399942
parietal: 35.70074620202129
